c FILE /home/rafael/Documents/HappySet/MIHS/inputs/happygen/output/instancesnew/graph_d_regular_k2_p0.2_v500_20250401_001343.txt
c SOURCE This is a d-regular graph formed for the happy graph colouring problem.
c DESCRIPTION It was generated using the problem generator of Rhyd Lewis
c
c GRAPH STATS
c Seed                             = 523042273
c Number of Nodes                  = 500
c Number of colours k              = 2
c Number of pre-assignments        = 100
c Degree of all vertices           = 3
c Density                          = 0.00601202
c 
c The degrees of nodes 1 to 500, respectively, are as follows 
c [3, 3, 3, 3, 3, 3, 3, 3, 3, 3, 3, 3, 3, 3, 3, 3, 3, 3, 3, 3, 3, 3, 3, 3, 3, 3, 
c  3, 3, 3, 3, 3, 3, 3, 3, 3, 3, 3, 3, 3, 3, 3, 3, 3, 3, 3, 3, 3, 3, 3, 3, 3, 
c  3, 3, 3, 3, 3, 3, 3, 3, 3, 3, 3, 3, 3, 3, 3, 3, 3, 3, 3, 3, 3, 3, 3, 3, 3, 
c  3, 3, 3, 3, 3, 3, 3, 3, 3, 3, 3, 3, 3, 3, 3, 3, 3, 3, 3, 3, 3, 3, 3, 3, 3, 
c  3, 3, 3, 3, 3, 3, 3, 3, 3, 3, 3, 3, 3, 3, 3, 3, 3, 3, 3, 3, 3, 3, 3, 3, 3, 
c  3, 3, 3, 3, 3, 3, 3, 3, 3, 3, 3, 3, 3, 3, 3, 3, 3, 3, 3, 3, 3, 3, 3, 3, 3, 
c  3, 3, 3, 3, 3, 3, 3, 3, 3, 3, 3, 3, 3, 3, 3, 3, 3, 3, 3, 3, 3, 3, 3, 3, 3, 
c  3, 3, 3, 3, 3, 3, 3, 3, 3, 3, 3, 3, 3, 3, 3, 3, 3, 3, 3, 3, 3, 3, 3, 3, 3, 
c  3, 3, 3, 3, 3, 3, 3, 3, 3, 3, 3, 3, 3, 3, 3, 3, 3, 3, 3, 3, 3, 3, 3, 3, 3, 
c  3, 3, 3, 3, 3, 3, 3, 3, 3, 3, 3, 3, 3, 3, 3, 3, 3, 3, 3, 3, 3, 3, 3, 3, 3, 
c  3, 3, 3, 3, 3, 3, 3, 3, 3, 3, 3, 3, 3, 3, 3, 3, 3, 3, 3, 3, 3, 3, 3, 3, 3, 
c  3, 3, 3, 3, 3, 3, 3, 3, 3, 3, 3, 3, 3, 3, 3, 3, 3, 3, 3, 3, 3, 3, 3, 3, 3, 
c  3, 3, 3, 3, 3, 3, 3, 3, 3, 3, 3, 3, 3, 3, 3, 3, 3, 3, 3, 3, 3, 3, 3, 3, 3, 
c  3, 3, 3, 3, 3, 3, 3, 3, 3, 3, 3, 3, 3, 3, 3, 3, 3, 3, 3, 3, 3, 3, 3, 3, 3, 
c  3, 3, 3, 3, 3, 3, 3, 3, 3, 3, 3, 3, 3, 3, 3, 3, 3, 3, 3, 3, 3, 3, 3, 3, 3, 
c  3, 3, 3, 3, 3, 3, 3, 3, 3, 3, 3, 3, 3, 3, 3, 3, 3, 3, 3, 3, 3, 3, 3, 3, 3, 
c  3, 3, 3, 3, 3, 3, 3, 3, 3, 3, 3, 3, 3, 3, 3, 3, 3, 3, 3, 3, 3, 3, 3, 3, 3, 
c  3, 3, 3, 3, 3, 3, 3, 3, 3, 3, 3, 3, 3, 3, 3, 3, 3, 3, 3, 3, 3, 3, 3, 3, 3, 
c  3, 3, 3, 3, 3, 3, 3, 3, 3, 3, 3, 3, 3, 3, 3, 3, 3, 3, 3, 3, 3, 3, 3, 3, 3, 
c  3, 3, 3, 3, 3, 3, 3, 3, 3, 3, 3, 3, 3, 3, 3, 3, 3, 3, 3, 3, 3, 3, 3, 3] 
c  
p edge 500 750 2
e 1 44
e 1 186
e 1 470
e 2 244
e 2 351
e 2 465
e 3 54
e 3 71
e 3 113
e 4 188
e 4 283
e 4 357
e 5 52
e 5 224
e 5 480
e 6 102
e 6 312
e 6 318
e 7 12
e 7 136
e 7 145
e 8 184
e 8 312
e 8 446
e 9 90
e 9 173
e 9 456
e 10 50
e 10 359
e 10 427
e 11 293
e 11 398
e 11 399
e 12 332
e 12 484
e 13 101
e 13 230
e 13 437
e 14 158
e 14 296
e 14 391
e 15 141
e 15 207
e 15 339
e 16 37
e 16 38
e 16 243
e 17 56
e 17 72
e 17 486
e 18 180
e 18 331
e 18 498
e 19 174
e 19 254
e 19 271
e 20 209
e 20 234
e 20 337
e 21 107
e 21 242
e 21 341
e 22 57
e 22 220
e 22 418
e 23 27
e 23 52
e 23 460
e 24 374
e 24 434
e 24 493
e 25 120
e 25 195
e 25 317
e 26 73
e 26 291
e 26 334
e 27 157
e 27 254
e 28 129
e 28 189
e 28 357
e 29 33
e 29 102
e 29 363
e 30 350
e 30 359
e 30 472
e 31 237
e 31 290
e 31 421
e 32 108
e 32 324
e 32 375
e 33 38
e 33 216
e 34 143
e 34 369
e 34 377
e 35 300
e 35 305
e 35 452
e 36 59
e 36 76
e 36 140
e 37 164
e 37 332
e 38 345
e 39 420
e 39 434
e 39 439
e 40 69
e 40 367
e 40 401
e 41 139
e 41 414
e 41 469
e 42 142
e 42 320
e 42 329
e 43 225
e 43 388
e 43 496
e 44 272
e 44 289
e 45 344
e 45 480
e 45 486
e 46 236
e 46 239
e 46 248
e 47 176
e 47 251
e 47 393
e 48 151
e 48 322
e 48 413
e 49 110
e 49 119
e 49 362
e 50 203
e 50 358
e 51 229
e 51 295
e 51 389
e 52 395
e 53 73
e 53 86
e 53 450
e 54 281
e 54 308
e 55 210
e 55 446
e 55 449
e 56 273
e 56 335
e 57 349
e 57 474
e 58 149
e 58 452
e 58 495
e 59 227
e 59 475
e 60 219
e 60 327
e 60 425
e 61 66
e 61 213
e 61 467
e 62 94
e 62 241
e 62 481
e 63 139
e 63 156
e 63 318
e 64 70
e 64 96
e 64 171
e 65 88
e 65 108
e 65 279
e 66 295
e 66 338
e 67 282
e 67 292
e 67 476
e 68 183
e 68 200
e 68 354
e 69 122
e 69 125
e 70 142
e 70 450
e 71 125
e 71 416
e 72 285
e 72 470
e 73 115
e 74 78
e 74 194
e 74 489
e 75 124
e 75 397
e 75 477
e 76 131
e 76 340
e 77 314
e 77 401
e 77 483
e 78 105
e 78 169
e 79 421
e 79 444
e 79 445
e 80 217
e 80 247
e 80 405
e 81 228
e 81 250
e 81 425
e 82 143
e 82 210
e 82 319
e 83 218
e 83 382
e 83 445
e 84 214
e 84 276
e 84 286
e 85 99
e 85 414
e 85 487
e 86 346
e 86 500
e 87 336
e 87 379
e 87 385
e 88 180
e 88 214
e 89 204
e 89 257
e 89 289
e 90 227
e 90 335
e 91 197
e 91 317
e 91 411
e 92 174
e 92 355
e 92 448
e 93 173
e 93 435
e 93 449
e 94 104
e 94 397
e 95 149
e 95 263
e 95 372
e 96 144
e 96 465
e 97 167
e 97 193
e 97 370
e 98 378
e 98 383
e 98 451
e 99 130
e 99 201
e 100 105
e 100 111
e 100 152
e 101 135
e 101 442
e 102 440
e 103 104
e 103 376
e 103 456
e 104 117
e 105 156
e 106 246
e 106 262
e 106 339
e 107 163
e 107 217
e 108 367
e 109 158
e 109 438
e 109 497
e 110 292
e 110 327
e 111 121
e 111 170
e 112 205
e 112 463
e 112 468
e 113 234
e 113 464
e 114 263
e 114 275
e 114 301
e 115 306
e 115 475
e 116 198
e 116 409
e 116 454
e 117 211
e 117 424
e 118 142
e 118 172
e 118 288
e 119 156
e 119 193
e 120 184
e 120 286
e 121 185
e 121 265
e 122 192
e 122 383
e 123 185
e 123 432
e 123 455
e 124 161
e 124 486
e 125 252
e 126 166
e 126 224
e 126 443
e 127 274
e 127 288
e 127 434
e 128 158
e 128 218
e 128 361
e 129 133
e 129 469
e 130 231
e 130 324
e 131 279
e 131 333
e 132 176
e 132 199
e 132 404
e 133 221
e 133 493
e 134 262
e 134 458
e 134 492
e 135 255
e 135 385
e 136 141
e 136 460
e 137 212
e 137 293
e 137 477
e 138 264
e 138 316
e 138 377
e 139 361
e 140 334
e 140 374
e 141 466
e 143 145
e 144 255
e 144 471
e 145 250
e 146 306
e 146 314
e 146 387
e 147 192
e 147 294
e 147 368
e 148 268
e 148 381
e 148 454
e 149 354
e 150 323
e 150 454
e 150 460
e 151 170
e 151 232
e 152 167
e 152 245
e 153 210
e 153 307
e 153 436
e 154 194
e 154 290
e 154 314
e 155 270
e 155 380
e 155 407
e 157 266
e 157 447
e 159 173
e 159 284
e 159 292
e 160 303
e 160 428
e 160 472
e 161 200
e 161 315
e 162 200
e 162 280
e 162 328
e 163 405
e 163 495
e 164 366
e 164 389
e 165 387
e 165 422
e 165 487
e 166 237
e 166 242
e 167 485
e 168 225
e 168 360
e 168 419
e 169 215
e 169 282
e 170 371
e 171 373
e 171 428
e 172 183
e 172 307
e 174 195
e 175 264
e 175 324
e 175 358
e 176 482
e 177 248
e 177 305
e 177 462
e 178 213
e 178 254
e 178 461
e 179 261
e 179 319
e 179 462
e 180 222
e 181 299
e 181 342
e 181 351
e 182 256
e 182 330
e 182 450
e 183 291
e 184 235
e 185 382
e 186 260
e 186 461
e 187 235
e 187 453
e 187 462
e 188 282
e 188 387
e 189 394
e 189 402
e 190 202
e 190 212
e 190 251
e 191 408
e 191 422
e 191 466
e 192 323
e 193 408
e 194 497
e 195 339
e 196 326
e 196 418
e 196 427
e 197 208
e 197 272
e 198 267
e 198 326
e 199 393
e 199 438
e 201 431
e 201 482
e 202 313
e 202 404
e 203 238
e 203 287
e 204 249
e 204 398
e 205 381
e 205 493
e 206 257
e 206 281
e 206 391
e 207 448
e 207 458
e 208 235
e 208 348
e 209 259
e 209 494
e 211 252
e 211 297
e 212 467
e 213 255
e 214 386
e 215 338
e 215 401
e 216 239
e 216 453
e 217 362
e 218 416
e 219 420
e 219 483
e 220 234
e 220 285
e 221 288
e 221 459
e 222 290
e 222 388
e 223 268
e 223 441
e 223 458
e 224 303
e 225 348
e 226 240
e 226 315
e 226 321
e 227 380
e 228 370
e 228 372
e 229 259
e 229 395
e 230 257
e 230 281
e 231 302
e 231 400
e 232 270
e 232 433
e 233 335
e 233 403
e 233 437
e 236 317
e 236 413
e 237 423
e 238 311
e 238 376
e 239 379
e 240 334
e 240 490
e 241 299
e 241 442
e 242 490
e 243 275
e 243 340
e 244 417
e 244 500
e 245 407
e 245 413
e 246 267
e 246 355
e 247 364
e 247 424
e 248 312
e 249 409
e 249 440
e 250 484
e 251 303
e 252 456
e 253 366
e 253 370
e 253 427
e 256 287
e 256 356
e 258 443
e 258 444
e 258 467
e 259 412
e 260 379
e 260 417
e 261 392
e 261 398
e 262 402
e 263 429
e 264 333
e 265 321
e 265 402
e 266 384
e 266 390
e 267 476
e 268 301
e 269 396
e 269 406
e 269 426
e 270 337
e 271 346
e 271 349
e 272 488
e 273 308
e 273 365
e 274 275
e 274 386
e 276 341
e 276 436
e 277 305
e 277 309
e 277 375
e 278 297
e 278 357
e 278 365
e 279 369
e 280 352
e 280 388
e 283 354
e 283 422
e 284 392
e 284 432
e 285 494
e 286 445
e 287 403
e 289 488
e 291 430
e 293 315
e 294 425
e 294 475
e 295 497
e 296 451
e 296 457
e 297 386
e 298 321
e 298 350
e 298 457
e 299 451
e 300 366
e 300 417
e 301 384
e 302 306
e 302 479
e 304 364
e 304 421
e 304 453
e 307 363
e 308 353
e 309 406
e 309 429
e 310 344
e 310 348
e 310 429
e 311 423
e 311 499
e 313 464
e 313 473
e 316 468
e 316 485
e 318 396
e 319 351
e 320 338
e 320 368
e 322 331
e 322 479
e 323 332
e 325 400
e 325 452
e 325 487
e 326 371
e 327 409
e 328 435
e 328 466
e 329 392
e 329 488
e 330 336
e 330 463
e 331 397
e 333 347
e 336 496
e 337 408
e 340 411
e 341 343
e 342 469
e 342 485
e 343 382
e 343 393
e 344 396
e 345 435
e 345 482
e 346 440
e 347 384
e 347 481
e 349 442
e 350 476
e 352 374
e 352 465
e 353 426
e 353 432
e 355 360
e 356 378
e 356 470
e 358 448
e 359 403
e 360 479
e 361 436
e 362 365
e 363 446
e 364 459
e 367 419
e 368 447
e 369 411
e 371 404
e 372 464
e 373 394
e 373 437
e 375 478
e 376 416
e 377 494
e 378 499
e 380 407
e 381 459
e 383 433
e 385 400
e 389 461
e 390 423
e 390 498
e 391 474
e 394 463
e 395 471
e 399 457
e 399 499
e 405 412
e 406 439
e 410 419
e 410 426
e 410 441
e 412 415
e 414 472
e 415 430
e 415 491
e 418 473
e 420 491
e 424 471
e 428 431
e 430 498
e 431 468
e 433 449
e 438 477
e 439 447
e 441 492
e 443 478
e 444 474
e 455 490
e 455 492
e 473 496
e 478 483
e 480 500
e 481 489
e 484 495
e 489 491
n 6 1
n 8 2
n 14 2
n 15 1
n 17 2
n 18 1
n 19 2
n 28 1
n 29 1
n 33 1
n 47 2
n 52 1
n 61 1
n 77 2
n 78 1
n 80 1
n 81 1
n 84 1
n 85 2
n 87 2
n 92 2
n 93 1
n 102 1
n 107 1
n 112 2
n 114 1
n 129 1
n 130 1
n 134 1
n 138 1
n 146 2
n 150 1
n 155 2
n 157 2
n 160 2
n 165 2
n 168 2
n 171 2
n 182 2
n 195 1
n 196 1
n 197 1
n 204 2
n 207 1
n 208 1
n 217 1
n 220 1
n 221 2
n 224 2
n 230 1
n 234 1
n 237 1
n 248 1
n 251 2
n 262 1
n 264 1
n 277 1
n 286 1
n 290 1
n 294 2
n 296 2
n 299 1
n 303 2
n 307 1
n 311 1
n 314 2
n 315 1
n 318 1
n 322 2
n 324 1
n 328 2
n 329 2
n 340 2
n 341 1
n 349 1
n 354 1
n 355 2
n 358 1
n 373 2
n 374 2
n 388 1
n 394 2
n 404 2
n 405 1
n 414 2
n 417 1
n 420 1
n 422 2
n 444 1
n 453 1
n 456 1
n 457 2
n 459 2
n 460 1
n 464 1
n 465 2
n 468 2
n 474 1
n 480 1
n 491 1
