c FILE /home/rafael/Documents/HappySet/MIHS/inputs/happygen/output/instancesnew/graph_d_regular_k20_p0.2_v500_20250401_002923.txt
c SOURCE This is a d-regular graph formed for the happy graph colouring problem.
c DESCRIPTION It was generated using the problem generator of Rhyd Lewis
c
c GRAPH STATS
c Seed                             = 511786862
c Number of Nodes                  = 500
c Number of colours k              = 20
c Number of pre-assignments        = 100
c Degree of all vertices           = 3
c Density                          = 0.00601202
c 
c The degrees of nodes 1 to 500, respectively, are as follows 
c [3, 3, 3, 3, 3, 3, 3, 3, 3, 3, 3, 3, 3, 3, 3, 3, 3, 3, 3, 3, 3, 3, 3, 3, 3, 3, 
c  3, 3, 3, 3, 3, 3, 3, 3, 3, 3, 3, 3, 3, 3, 3, 3, 3, 3, 3, 3, 3, 3, 3, 3, 3, 
c  3, 3, 3, 3, 3, 3, 3, 3, 3, 3, 3, 3, 3, 3, 3, 3, 3, 3, 3, 3, 3, 3, 3, 3, 3, 
c  3, 3, 3, 3, 3, 3, 3, 3, 3, 3, 3, 3, 3, 3, 3, 3, 3, 3, 3, 3, 3, 3, 3, 3, 3, 
c  3, 3, 3, 3, 3, 3, 3, 3, 3, 3, 3, 3, 3, 3, 3, 3, 3, 3, 3, 3, 3, 3, 3, 3, 3, 
c  3, 3, 3, 3, 3, 3, 3, 3, 3, 3, 3, 3, 3, 3, 3, 3, 3, 3, 3, 3, 3, 3, 3, 3, 3, 
c  3, 3, 3, 3, 3, 3, 3, 3, 3, 3, 3, 3, 3, 3, 3, 3, 3, 3, 3, 3, 3, 3, 3, 3, 3, 
c  3, 3, 3, 3, 3, 3, 3, 3, 3, 3, 3, 3, 3, 3, 3, 3, 3, 3, 3, 3, 3, 3, 3, 3, 3, 
c  3, 3, 3, 3, 3, 3, 3, 3, 3, 3, 3, 3, 3, 3, 3, 3, 3, 3, 3, 3, 3, 3, 3, 3, 3, 
c  3, 3, 3, 3, 3, 3, 3, 3, 3, 3, 3, 3, 3, 3, 3, 3, 3, 3, 3, 3, 3, 3, 3, 3, 3, 
c  3, 3, 3, 3, 3, 3, 3, 3, 3, 3, 3, 3, 3, 3, 3, 3, 3, 3, 3, 3, 3, 3, 3, 3, 3, 
c  3, 3, 3, 3, 3, 3, 3, 3, 3, 3, 3, 3, 3, 3, 3, 3, 3, 3, 3, 3, 3, 3, 3, 3, 3, 
c  3, 3, 3, 3, 3, 3, 3, 3, 3, 3, 3, 3, 3, 3, 3, 3, 3, 3, 3, 3, 3, 3, 3, 3, 3, 
c  3, 3, 3, 3, 3, 3, 3, 3, 3, 3, 3, 3, 3, 3, 3, 3, 3, 3, 3, 3, 3, 3, 3, 3, 3, 
c  3, 3, 3, 3, 3, 3, 3, 3, 3, 3, 3, 3, 3, 3, 3, 3, 3, 3, 3, 3, 3, 3, 3, 3, 3, 
c  3, 3, 3, 3, 3, 3, 3, 3, 3, 3, 3, 3, 3, 3, 3, 3, 3, 3, 3, 3, 3, 3, 3, 3, 3, 
c  3, 3, 3, 3, 3, 3, 3, 3, 3, 3, 3, 3, 3, 3, 3, 3, 3, 3, 3, 3, 3, 3, 3, 3, 3, 
c  3, 3, 3, 3, 3, 3, 3, 3, 3, 3, 3, 3, 3, 3, 3, 3, 3, 3, 3, 3, 3, 3, 3, 3, 3, 
c  3, 3, 3, 3, 3, 3, 3, 3, 3, 3, 3, 3, 3, 3, 3, 3, 3, 3, 3, 3, 3, 3, 3, 3, 3, 
c  3, 3, 3, 3, 3, 3, 3, 3, 3, 3, 3, 3, 3, 3, 3, 3, 3, 3, 3, 3, 3, 3, 3, 3] 
c  
p edge 500 750 20
e 1 253
e 1 436
e 1 437
e 2 369
e 2 411
e 2 456
e 3 133
e 3 422
e 3 426
e 4 62
e 4 351
e 4 363
e 5 192
e 5 343
e 5 406
e 6 284
e 6 309
e 6 417
e 7 8
e 7 105
e 7 390
e 8 276
e 8 453
e 9 66
e 9 90
e 9 330
e 10 171
e 10 211
e 10 480
e 11 113
e 11 186
e 11 354
e 12 177
e 12 228
e 12 273
e 13 203
e 13 242
e 13 420
e 14 37
e 14 288
e 14 386
e 15 74
e 15 128
e 15 324
e 16 59
e 16 309
e 16 365
e 17 88
e 17 138
e 17 249
e 18 161
e 18 185
e 18 431
e 19 22
e 19 341
e 19 381
e 20 183
e 20 293
e 20 387
e 21 318
e 21 384
e 21 458
e 22 73
e 22 78
e 23 142
e 23 337
e 23 343
e 24 124
e 24 222
e 24 310
e 25 272
e 25 281
e 25 306
e 26 261
e 26 283
e 26 471
e 27 78
e 27 206
e 27 406
e 28 263
e 28 334
e 28 386
e 29 65
e 29 122
e 29 132
e 30 91
e 30 245
e 30 266
e 31 190
e 31 410
e 31 465
e 32 128
e 32 285
e 32 382
e 33 73
e 33 172
e 33 419
e 34 106
e 34 207
e 34 444
e 35 314
e 35 335
e 35 422
e 36 190
e 36 210
e 36 416
e 37 52
e 37 148
e 38 77
e 38 118
e 38 208
e 39 84
e 39 135
e 39 173
e 40 46
e 40 439
e 40 489
e 41 248
e 41 350
e 41 370
e 42 85
e 42 163
e 42 278
e 43 101
e 43 255
e 43 340
e 44 170
e 44 338
e 44 355
e 45 84
e 45 167
e 45 211
e 46 218
e 46 392
e 47 98
e 47 391
e 47 461
e 48 271
e 48 283
e 48 456
e 49 176
e 49 196
e 49 433
e 50 104
e 50 139
e 50 476
e 51 322
e 51 336
e 51 369
e 52 106
e 52 468
e 53 125
e 53 356
e 53 490
e 54 241
e 54 290
e 54 395
e 55 186
e 55 202
e 55 274
e 56 119
e 56 224
e 56 417
e 57 393
e 57 444
e 57 469
e 58 194
e 58 378
e 58 414
e 59 202
e 59 388
e 60 82
e 60 286
e 60 358
e 61 275
e 61 289
e 61 450
e 62 242
e 62 426
e 63 293
e 63 324
e 63 408
e 64 72
e 64 178
e 64 454
e 65 292
e 65 442
e 66 225
e 66 294
e 67 123
e 67 267
e 67 299
e 68 145
e 68 269
e 68 281
e 69 70
e 69 102
e 69 448
e 70 123
e 70 397
e 71 342
e 71 430
e 71 499
e 72 151
e 72 273
e 73 217
e 74 257
e 74 429
e 75 196
e 75 368
e 75 411
e 76 106
e 76 178
e 76 390
e 77 311
e 77 440
e 78 404
e 79 200
e 79 374
e 79 412
e 80 144
e 80 216
e 80 481
e 81 149
e 81 280
e 81 378
e 82 229
e 82 357
e 83 152
e 83 244
e 83 394
e 84 384
e 85 165
e 85 297
e 86 98
e 86 131
e 86 296
e 87 325
e 87 421
e 87 474
e 88 180
e 88 284
e 89 174
e 89 331
e 89 458
e 90 127
e 90 266
e 91 231
e 91 355
e 92 243
e 92 342
e 92 491
e 93 115
e 93 250
e 93 366
e 94 153
e 94 199
e 94 482
e 95 212
e 95 310
e 95 346
e 96 102
e 96 271
e 96 307
e 97 291
e 97 373
e 97 390
e 98 165
e 99 237
e 99 265
e 99 381
e 100 115
e 100 179
e 100 486
e 101 131
e 101 314
e 102 416
e 103 122
e 103 135
e 103 432
e 104 314
e 104 336
e 105 260
e 105 485
e 107 194
e 107 400
e 107 474
e 108 321
e 108 376
e 108 459
e 109 141
e 109 197
e 109 408
e 110 249
e 110 299
e 110 315
e 111 198
e 111 248
e 111 452
e 112 223
e 112 245
e 112 359
e 113 246
e 113 394
e 114 294
e 114 358
e 114 372
e 115 160
e 116 258
e 116 389
e 116 469
e 117 264
e 117 332
e 117 339
e 118 306
e 118 482
e 119 472
e 119 491
e 120 363
e 120 407
e 120 489
e 121 186
e 121 453
e 121 462
e 122 261
e 123 498
e 124 201
e 124 429
e 125 192
e 125 218
e 126 138
e 126 227
e 126 355
e 127 303
e 127 452
e 128 376
e 129 300
e 129 330
e 129 449
e 130 198
e 130 346
e 130 455
e 131 342
e 132 213
e 132 497
e 133 188
e 133 271
e 134 257
e 134 400
e 134 476
e 135 345
e 136 184
e 136 404
e 136 493
e 137 151
e 137 288
e 137 304
e 138 447
e 139 247
e 139 499
e 140 142
e 140 319
e 140 412
e 141 158
e 141 460
e 142 495
e 143 158
e 143 214
e 143 253
e 144 145
e 144 287
e 145 181
e 146 165
e 146 297
e 146 492
e 147 345
e 147 374
e 147 375
e 148 250
e 148 457
e 149 164
e 149 402
e 150 154
e 150 163
e 150 172
e 151 379
e 152 299
e 152 325
e 153 395
e 153 471
e 154 276
e 154 379
e 155 274
e 155 319
e 155 439
e 156 230
e 156 329
e 156 419
e 157 353
e 157 430
e 157 500
e 158 403
e 159 308
e 159 415
e 159 421
e 160 206
e 160 438
e 161 333
e 161 477
e 162 180
e 162 214
e 162 436
e 163 423
e 164 213
e 164 483
e 166 334
e 166 387
e 166 389
e 167 208
e 167 486
e 168 248
e 168 259
e 168 399
e 169 321
e 169 421
e 169 483
e 170 196
e 170 224
e 171 285
e 171 425
e 172 485
e 173 352
e 173 441
e 174 396
e 174 437
e 175 189
e 175 371
e 175 460
e 176 298
e 176 438
e 177 181
e 177 206
e 178 219
e 179 220
e 179 375
e 180 252
e 181 327
e 182 183
e 182 261
e 182 444
e 183 217
e 184 200
e 184 208
e 185 270
e 185 313
e 187 210
e 187 302
e 187 326
e 188 322
e 188 450
e 189 281
e 189 383
e 190 241
e 191 277
e 191 362
e 191 372
e 192 478
e 193 222
e 193 226
e 193 398
e 194 329
e 195 265
e 195 335
e 195 467
e 197 364
e 197 480
e 198 322
e 199 335
e 199 345
e 200 487
e 201 244
e 201 351
e 202 283
e 203 419
e 203 436
e 204 310
e 204 389
e 204 476
e 205 279
e 205 387
e 205 403
e 207 427
e 207 467
e 209 287
e 209 413
e 209 498
e 210 337
e 211 329
e 212 373
e 212 446
e 213 380
e 214 422
e 215 240
e 215 393
e 215 494
e 216 260
e 216 303
e 217 274
e 218 229
e 219 383
e 219 385
e 220 316
e 220 405
e 221 262
e 221 487
e 221 492
e 222 313
e 223 319
e 223 367
e 224 364
e 225 448
e 225 490
e 226 280
e 226 320
e 227 391
e 227 450
e 228 247
e 228 251
e 229 369
e 230 233
e 230 256
e 231 312
e 231 361
e 232 233
e 232 433
e 232 472
e 233 291
e 234 268
e 234 269
e 234 339
e 235 275
e 235 449
e 235 481
e 236 317
e 236 376
e 236 431
e 237 286
e 237 473
e 238 328
e 238 334
e 238 484
e 239 412
e 239 424
e 239 463
e 240 432
e 240 435
e 241 494
e 242 303
e 243 347
e 243 372
e 244 365
e 245 401
e 246 353
e 246 480
e 247 486
e 249 479
e 250 326
e 251 308
e 251 365
e 252 269
e 252 405
e 253 473
e 254 352
e 254 367
e 254 466
e 255 464
e 255 471
e 256 380
e 256 409
e 257 455
e 258 264
e 258 427
e 259 462
e 259 499
e 260 462
e 262 406
e 262 447
e 263 445
e 263 470
e 264 340
e 265 278
e 266 327
e 267 349
e 267 488
e 268 288
e 268 407
e 270 332
e 270 482
e 272 337
e 272 416
e 273 396
e 275 434
e 276 455
e 277 295
e 277 459
e 278 484
e 279 353
e 279 443
e 280 291
e 282 373
e 282 392
e 282 418
e 284 409
e 285 477
e 286 475
e 287 356
e 289 399
e 289 443
e 290 315
e 290 367
e 292 461
e 292 487
e 293 316
e 294 500
e 295 368
e 295 470
e 296 397
e 296 428
e 297 453
e 298 379
e 298 401
e 300 309
e 300 371
e 301 332
e 301 348
e 301 349
e 302 323
e 302 341
e 304 308
e 304 465
e 305 357
e 305 488
e 305 497
e 306 424
e 307 324
e 307 382
e 311 396
e 311 442
e 312 366
e 312 432
e 313 494
e 315 447
e 316 495
e 317 423
e 317 498
e 318 340
e 318 464
e 320 470
e 320 493
e 321 380
e 323 398
e 323 420
e 325 360
e 326 362
e 327 354
e 328 363
e 328 459
e 330 495
e 331 341
e 331 427
e 333 402
e 333 478
e 336 418
e 338 437
e 338 454
e 339 413
e 343 359
e 344 377
e 344 443
e 344 466
e 346 448
e 347 457
e 347 496
e 348 409
e 348 441
e 349 386
e 350 433
e 350 435
e 351 468
e 352 461
e 354 377
e 356 398
e 357 395
e 358 418
e 359 431
e 360 410
e 360 488
e 361 458
e 361 483
e 362 424
e 364 440
e 366 451
e 368 384
e 370 439
e 370 497
e 371 469
e 374 378
e 375 452
e 377 430
e 381 451
e 382 446
e 383 403
e 385 411
e 385 434
e 388 425
e 388 438
e 391 484
e 392 402
e 393 408
e 394 479
e 397 426
e 399 420
e 400 475
e 401 415
e 404 464
e 405 414
e 407 473
e 410 496
e 413 478
e 414 472
e 415 491
e 417 496
e 423 429
e 425 477
e 428 446
e 428 490
e 434 460
e 435 489
e 440 493
e 441 467
e 442 463
e 445 451
e 445 474
e 449 481
e 454 466
e 456 500
e 457 463
e 465 492
e 468 479
e 475 485
n 1 14
n 14 19
n 29 5
n 30 13
n 31 4
n 34 2
n 35 12
n 42 13
n 43 17
n 46 10
n 47 4
n 62 3
n 65 5
n 72 8
n 80 14
n 81 14
n 85 13
n 90 18
n 91 13
n 92 3
n 104 14
n 105 13
n 106 2
n 108 15
n 116 5
n 117 12
n 119 5
n 126 5
n 133 16
n 134 1
n 139 11
n 145 17
n 151 8
n 152 17
n 153 17
n 154 7
n 160 5
n 164 20
n 175 14
n 176 7
n 178 1
n 179 10
n 183 1
n 189 14
n 193 13
n 197 19
n 202 12
n 208 9
n 210 20
n 220 10
n 222 13
n 225 12
n 229 20
n 243 3
n 263 4
n 269 5
n 272 15
n 280 14
n 286 16
n 287 14
n 291 14
n 298 7
n 302 10
n 310 1
n 311 15
n 327 19
n 333 5
n 338 14
n 344 3
n 348 6
n 349 19
n 358 20
n 360 20
n 367 10
n 368 4
n 369 20
n 377 3
n 381 6
n 382 8
n 383 14
n 385 1
n 386 19
n 387 18
n 394 10
n 395 17
n 400 1
n 409 6
n 411 1
n 412 16
n 451 6
n 456 8
n 459 15
n 464 17
n 465 4
n 472 5
n 473 8
n 486 15
n 488 20
n 490 12
n 493 8
